1 -7.178219992714413 111.67406234890223 0.0
2 -7.17869434897724 111.67396545410156 0.0
3 -7.178940508413784 111.67434230446815 0.0
4 -7.179223258953528 111.67474094778301 0.0
5 -7.1794810607630675 111.67507488280533 0.0
6 -7.179717573004342 111.67543496936561 0.0
7 -7.179937120122443 111.67573839426039 0.0
8 -7.180170305657586 111.67608473449947 0.0
9 -7.180404821660074 111.67645152658224 0.0
10 -7.180696552745471 111.67687397450209 0.0
11 -7.1810388458784224 111.67736817151308 0.0
12 -7.181249743559959 111.6777091473341 0.0
13 -7.180973314559991 111.6779190301895 0.0
14 -7.180644992533042 111.6781198605895 0.0
15 -7.180293717639926 111.67833711951972 0.0
16 -7.179867929526959 111.67857449501754 0.0
17 -7.179458440739188 111.67882595211267 0.0
18 -7.1790253335941685 111.67908646166325 0.0
19 -7.178569938616751 111.67934730648994 0.0
20 -7.17818373404565 111.67957864701748 0.0
21 -7.177813163632162 111.67979087680578 0.0
22 -7.177421303387238 111.67994845658541 0.0
23 -7.177051397651118 111.68005373328924 0.0
24 -7.176622280008515 111.68018314987421 0.0
25 -7.1761685458749485 111.6803152486682 0.0
26 -7.175765374109801 111.68042555451393 0.0
1 -7.17863114585719 111.74571655690671 0.0
2 -7.178604534014534 111.74529813230038 0.0
3 -7.178638796761663 111.74484416842462 0.0
4 -7.17864977414612 111.74447771161795 0.0
5 -7.178655096514236 111.74404118210077 0.0
6 -7.178684702185813 111.74351144582035 0.0
7 -7.178733934084816 111.74308329820633 0.0
8 -7.1787605459199035 111.74263268709183 0.0
9 -7.178811441050156 111.74217805266379 0.0
10 -7.178878968567144 111.7417686805129 0.0
11 -7.178899260085059 111.74127951264381 0.0
12 -7.178924541319243 111.74083191901445 0.0
13 -7.178931526923164 111.74043159931898 0.0
14 -7.1789262045582785 111.73991158604622 0.0
15 -7.178939843118192 111.73943281173706 0.0
16 -7.178923543375811 111.7389677837491 0.0
17 -7.17893951047039 111.73858020454645 0.0
18 -7.178958138746699 111.73804309219122 0.0
19 -7.1789554775644095 111.7376384139061 0.0
20 -7.179003046195357 111.73722434788942 0.0
21 -7.179067247206869 111.73674557358027 0.0
22 -7.179077559285592 111.73627953976393 0.0
23 -7.179059596309595 111.73584032803774 0.0
24 -7.178961797872306 111.73538032919167 0.0
25 -7.1789285330929316 111.7349250242114 0.0
2 -7.1763744560693405 111.80952060967684 0.0
3 -7.175954651987914 111.80920343846083 0.0
4 -7.175573102300633 111.80882491171361 0.0
5 -7.175182570728852 111.80851109325886 0.0
6 -7.174750124815452 111.80843096226454 0.0
7 -7.174170313996049 111.80848997086287 0.0
8 -7.173717575372865 111.80860161781311 0.0
1 -7.176727397235906 111.80981565266848 0.0
9 -7.17325119756942 111.8087038770318 0.0
10 -7.172796462118424 111.80878970772028 0.0
11 -7.172384305746682 111.80888861417769 0.0
12 -7.171863704146626 111.80899020284414 0.0
13 -7.171395328524308 111.8090884387493 0.0
14 -7.170897013590393 111.80924635380507 0.0
15 -7.170413334888724 111.80942304432392 0.0
16 -7.170028121359962 111.80957928299904 0.0
17 -7.169553756066027 111.80973820388317 0.0
18 -7.16900753679167 111.80986996740103 0.0
19 -7.168502233481419 111.8099819496274 0.0
20 -7.168070113879494 111.81007750332355 0.0
21 -7.167597077170957 111.81004766374826 0.0
22 -7.167074806816835 111.80999871343374 0.0
23 -7.16661041815202 111.80994909256697 0.0
24 -7.16607650366529 111.8099370226264 0.0
25 -7.165593817818344 111.80991858243941 0.0
26 -7.165099155775588 111.80995043367149 0.0
APP -7.318783297192899 111.52210917323828 0.0
1 -7.318565480464084 111.52223289012909 0.0
2 -7.318039394430073 111.52217287570238 0.0
3 -7.31763867740768 111.5221229195595 0.0
4 -7.3171129228266265 111.5222929045558 0.0
5 -7.3166669787021075 111.52230430394411 0.0
6 -7.316190107310758 111.52248736470938 0.0
7 -7.31569594297429 111.52247596532106 0.0
8 -7.315261636584806 111.52226842939854 0.0
9 -7.314769133957971 111.52207028120755 0.0
10 -7.31437074183389 111.52213096618651 0.0
11 -7.313905174627311 111.52242768555878 0.0
12 -7.313421981863011 111.52263656258582 0.0
13 -7.312916507799009 111.52269188314675 0.0
14 -7.3123578252729855 111.52275525033474 0.0
15 -7.312009978537604 111.52273882180452 0.0
16 -7.311503837775144 111.52249239385128 0.0
17 -7.3111815967411315 111.52210749685764 0.0
18 -7.31085869037373 111.52176249772309 0.0
19 -7.310409081942912 111.5217826142907 0.0
20 -7.309933534071611 111.52174573391676 0.0
21 -7.30953181211869 111.52151908725502 0.0
bsjs_.beuwu._7263 -7.295745347205848 111.63466203957796 0.0
